It has been 2 minutes since you started trading. The current time is 2025-10-26 17:14:56.102353 and you've been invoked 2 times. Below, we are providing you with a variety of state data, price data, and predictive signals so you can discover alpha. Below that is your current account information, value, performance, positions, etc. ALL OF THE PRICE OR SIGNAL DATA BELOW IS ORDERED: OLDEST → NEWEST
Timeframes note: Unless stated otherwise in a section title, intraday series are provided at 3‑minute intervals. If a coin uses a different interval, it is explicitly stated in that coin's section.

CURRENT MARKET STATE FOR ALL COINS
ALL BTC DATA
current_price = 113624, current_ema20 = 113530, current_macd = 38.48, current_rsi (7 period) = 82.00
In addition, here is the latest BTC open interest and funding rate for perps (the instrument you are trading):
Open Interest: Latest: 2290236.51 Average: 2290236.51
Funding Rate: 0.0000508637745923
Intraday series (by minute, oldest → latest):
Mid prices: [113624, 113682, 113564, 113467, 113501, 113465, 113627, 113623, 113688, 113682, 113578, 113500, 113496, 113418, 113395, 113344, 113394, 113334, 113319, 113241, 113387, 113466, 113498, 113475, 113524, 113655, 113662, 113556, 113486, 113473, 113445, 113438, 113423, 113509, 113463, 113455, 113385, 113452, 113455, 113450, 113483, 113500, 113501, 113434, 113447, 113520, 113511, 113531, 113697, 113778]
EMA indicators (20‑period): [113624, 113653, 113623, 113584, 113568, 113551, 113561, 113569, 113582, 113592, 113591, 113583, 113577, 113565, 113554, 113541, 113532, 113521, 113511, 113497, 113487, 113485, 113486, 113485, 113489, 113504, 113519, 113523, 113519, 113515, 113508, 113502, 113494, 113495, 113492, 113489, 113479, 113476, 113474, 113472, 113473, 113476, 113478, 113474, 113471, 113476, 113479, 113484, 113504, 113530]
MACD indicators: [0, 0, 0, 0, 0, 0, 0, 0, 0, 0, 0, 0, 0, 0, 0, 0, 0, 0, 0, 0, 0, 0, 0, 0, 0, -18.58, -2.60, 1.43, -1.00, -3.94, -8.40, -12.37, -16.55, -12.74, -13.29, -14.20, -20.34, -19.62, -18.58, -17.92, -14.56, -10.42, -6.97, -9.54, -10.43, -5.15, -1.69, 2.65, 19.22, 38.48]
RSI indicators (7‑Period): [0, 0, 0, 0, 0, 0, 0, 50.00, 50.00, 64.00, 63.00, 50.00, 55.00, 17.00, 17.00, 0, 9.00, 17.00, 17.00, 17.00, 47.00, 58.00, 67.00, 60.00, 72.00, 81.00, 95.00, 70.00, 52.00, 47.00, 47.00, 38.00, 0, 29.00, 33.00, 41.00, 33.00, 50.00, 52.00, 55.00, 44.00, 58.00, 62.00, 63.00, 47.00, 66.00, 64.00, 62.00, 78.00, 82.00]
RSI indicators (14‑Period): [0, 0, 0, 0, 0, 0, 0, 0, 0, 0, 0, 0, 0, 0, 38.00, 29.00, 38.00, 41.00, 38.00, 38.00, 33.00, 41.00, 38.00, 38.00, 47.00, 60.00, 60.00, 58.00, 55.00, 58.00, 52.00, 57.00, 57.00, 67.00, 55.00, 50.00, 41.00, 47.00, 44.00, 29.00, 33.00, 44.00, 52.00, 44.00, 50.00, 58.00, 58.00, 52.00, 71.00, 76.00]
Longer‑term context (4‑hour timeframe):
20‑Period EMA: 0 vs. 50‑Period EMA: 0
3‑Period ATR: 0 vs. 14‑Period ATR: 0
Current Volume: 0 vs. Average Volume: 0

ALL ETH DATA
current_price = 4060, current_ema20 = 4066, current_macd = 0.7518, current_rsi (7 period) = 67.00
In addition, here is the latest ETH open interest and funding rate for perps (the instrument you are trading):
Open Interest: Latest: 5412499.10 Average: 5412499.10
Funding Rate: 0.0000457508479303
Intraday series (by minute, oldest → latest):
Mid prices: [4060, 4060, 4056, 4053, 4055, 4054, 4057, 4056, 4060, 4063, 4060, 4059, 4060, 4055, 4057, 4053, 4055, 4052, 4051, 4047, 4058, 4062, 4064, 4064, 4066, 4073, 4074, 4071, 4070, 4071, 4067, 4066, 4066, 4074, 4071, 4072, 4067, 4071, 4069, 4066, 4069, 4063, 4063, 4059, 4059, 4065, 4065, 4064, 4070, 4069]
EMA indicators (20‑period): [4060, 4060, 4059, 4057, 4057, 4056, 4056, 4056, 4057, 4058, 4058, 4058, 4058, 4058, 4058, 4058, 4057, 4057, 4057, 4056, 4056, 4057, 4058, 4058, 4059, 4060, 4062, 4062, 4063, 4064, 4064, 4064, 4065, 4066, 4066, 4067, 4067, 4067, 4067, 4067, 4067, 4067, 4067, 4066, 4065, 4065, 4065, 4065, 4066, 4066]
MACD indicators: [0, 0, 0, 0, 0, 0, 0, 0, 0, 0, 0, 0, 0, 0, 0, 0, 0, 0, 0, 0, 0, 0, 0, 0, 0, 3.20, 3.97, 4.27, 4.43, 4.56, 4.26, 3.95, 3.68, 4.05, 4.06, 4.10, 3.65, 3.60, 3.29, 2.85, 2.65, 2.01, 1.46, 0.7576, 0.1743, 0.1819, 0.1939, 0.1380, 0.5537, 0.7518]
RSI indicators (7‑Period): [0, 0, 0, 0, 0, 0, 0, 37.00, 52.00, 72.00, 71.00, 65.00, 69.00, 44.00, 51.00, 29.00, 23.00, 23.00, 22.00, 17.00, 56.00, 60.00, 71.00, 68.00, 80.00, 87.00, 98.00, 81.00, 75.00, 73.00, 58.00, 52.00, 18.00, 51.00, 52.00, 56.00, 40.00, 60.00, 54.00, 50.00, 36.00, 32.00, 29.00, 32.00, 14.00, 41.00, 47.00, 36.00, 72.00, 67.00]
RSI indicators (14‑Period): [0, 0, 0, 0, 0, 0, 0, 0, 0, 0, 0, 0, 0, 0, 45.00, 41.00, 48.00, 48.00, 44.00, 40.00, 51.00, 56.00, 54.00, 50.00, 57.00, 65.00, 65.00, 67.00, 65.00, 72.00, 64.00, 68.00, 70.00, 80.00, 68.00, 65.00, 54.00, 59.00, 53.00, 41.00, 43.00, 40.00, 40.00, 36.00, 40.00, 48.00, 48.00, 36.00, 48.00, 45.00]
Longer‑term context (4‑hour timeframe):
20‑Period EMA: 0 vs. 50‑Period EMA: 0
3‑Period ATR: 0 vs. 14‑Period ATR: 0
Current Volume: 0 vs. Average Volume: 0

ALL SOL DATA
current_price = 199, current_ema20 = 199, current_macd = -0.0270, current_rsi (7 period) = 73.00
In addition, here is the latest SOL open interest and funding rate for perps (the instrument you are trading):
Open Interest: Latest: 2562934.31 Average: 2562934.31
Funding Rate: 0.0000350414342722
Intraday series (by minute, oldest → latest):
Mid prices: [199, 199, 199, 199, 198, 199, 199, 199, 199, 199, 199, 199, 199, 199, 199, 199, 199, 199, 199, 198, 198, 198, 199, 199, 199, 199, 200, 199, 199, 199, 199, 199, 199, 199, 199, 199, 199, 199, 199, 199, 199, 199, 199, 199, 199, 199, 199, 199, 199, 199]
EMA indicators (20‑period): [199, 199, 199, 199, 199, 199, 199, 199, 199, 199, 199, 199, 199, 199, 199, 199, 199, 199, 199, 199, 199, 199, 199, 199, 199, 199, 199, 199, 199, 199, 199, 199, 199, 199, 199, 199, 199, 199, 199, 199, 199, 199, 199, 199, 199, 199, 199, 199, 199, 199]
MACD indicators: [0, 0, 0, 0, 0, 0, 0, 0, 0, 0, 0, 0, 0, 0, 0, 0, 0, 0, 0, 0, 0, 0, 0, 0, 0, -0.00398427, 0.0596, 0.0969, 0.1090, 0.1331, 0.1362, 0.1435, 0.1451, 0.1583, 0.1557, 0.1510, 0.1329, 0.1427, 0.1233, 0.0938, 0.0530, 0.0220, -0.0217, -0.0589, -0.0730, -0.0801, -0.0711, -0.0752, -0.0449, -0.0270]
RSI indicators (7‑Period): [0, 0, 0, 0, 0, 0, 0, 55.00, 50.00, 76.00, 68.00, 68.00, 59.00, 30.00, 44.00, 35.00, 31.00, 33.00, 31.00, 28.00, 47.00, 33.00, 42.00, 33.00, 59.00, 77.00, 95.00, 81.00, 74.00, 75.00, 69.00, 62.00, 43.00, 43.00, 43.00, 55.00, 36.00, 62.00, 44.00, 39.00, 26.00, 30.00, 24.00, 26.00, 17.00, 25.00, 46.00, 50.00, 65.00, 73.00]
RSI indicators (14‑Period): [0, 0, 0, 0, 0, 0, 0, 0, 0, 0, 0, 0, 0, 0, 50.00, 42.00, 53.00, 53.00, 53.00, 41.00, 38.00, 40.00, 40.00, 29.00, 50.00, 58.00, 63.00, 67.00, 59.00, 67.00, 58.00, 63.00, 67.00, 72.00, 67.00, 67.00, 61.00, 68.00, 56.00, 38.00, 35.00, 38.00, 38.00, 26.00, 40.00, 36.00, 40.00, 33.00, 47.00, 44.00]
Longer‑term context (4‑hour timeframe):
20‑Period EMA: 0 vs. 50‑Period EMA: 0
3‑Period ATR: 0 vs. 14‑Period ATR: 0
Current Volume: 0 vs. Average Volume: 0

ALL BNB DATA
current_price = 1127, current_ema20 = 1130, current_macd = -0.1492, current_rsi (7 period) = 55.00
In addition, here is the latest BNB open interest and funding rate for perps (the instrument you are trading):
Open Interest: Latest: 8333475.00 Average: 8333475.00
Funding Rate: 0.0000753271146602
Intraday series (by minute, oldest → latest):
Mid prices: [1127, 1127, 1127, 1125, 1124, 1125, 1127, 1127, 1129, 1129, 1128, 1128, 1129, 1128, 1128, 1128, 1129, 1128, 1127, 1127, 1130, 1130, 1131, 1131, 1132, 1133, 1134, 1133, 1132, 1133, 1132, 1132, 1131, 1132, 1133, 1133, 1133, 1133, 1131, 1131, 1130, 1129, 1130, 1128, 1127, 1128, 1128, 1129, 1131, 1131]
EMA indicators (20‑period): [1127, 1127, 1127, 1126, 1126, 1126, 1126, 1126, 1126, 1127, 1127, 1127, 1127, 1127, 1127, 1127, 1127, 1127, 1127, 1127, 1127, 1128, 1128, 1128, 1129, 1129, 1129, 1130, 1130, 1130, 1130, 1131, 1131, 1131, 1131, 1131, 1131, 1131, 1131, 1131, 1131, 1131, 1131, 1131, 1130, 1130, 1130, 1130, 1130, 1130]
MACD indicators: [0, 0, 0, 0, 0, 0, 0, 0, 0, 0, 0, 0, 0, 0, 0, 0, 0, 0, 0, 0, 0, 0, 0, 0, 0, 1.76, 1.93, 1.98, 1.97, 1.96, 1.85, 1.78, 1.64, 1.56, 1.53, 1.49, 1.43, 1.38, 1.23, 1.07, 0.8452, 0.6068, 0.4370, 0.1793, -0.1203, -0.3059, -0.4238, -0.3917, -0.2664, -0.1492]
RSI indicators (7‑Period): [0, 0, 0, 0, 0, 0, 0, 50.00, 60.00, 70.00, 78.00, 88.00, 88.00, 57.00, 57.00, 33.00, 44.00, 44.00, 44.00, 33.00, 63.00, 63.00, 78.00, 75.00, 88.00, 100, 100, 86.00, 75.00, 71.00, 57.00, 57.00, 33.00, 33.00, 50.00, 50.00, 41.00, 75.00, 41.00, 50.00, 17.00, 0, 17.00, 9.00, 0, 9.00, 23.00, 44.00, 60.00, 55.00]
RSI indicators (14‑Period): [0, 0, 0, 0, 0, 0, 0, 0, 0, 0, 0, 0, 0, 0, 57.00, 50.00, 55.00, 63.00, 63.00, 57.00, 63.00, 63.00, 57.00, 57.00, 71.00, 75.00, 75.00, 75.00, 71.00, 75.00, 63.00, 71.00, 71.00, 75.00, 67.00, 67.00, 67.00, 60.00, 50.00, 41.00, 33.00, 33.00, 33.00, 29.00, 29.00, 29.00, 33.00, 33.00, 44.00, 44.00]
Longer‑term context (4‑hour timeframe):
20‑Period EMA: 0 vs. 50‑Period EMA: 0
3‑Period ATR: 0 vs. 14‑Period ATR: 0
Current Volume: 0 vs. Average Volume: 0

ALL XRP DATA
current_price = 2.63, current_ema20 = 2.64, current_macd = 0.00125673, current_rsi (7 period) = 57.00
In addition, here is the latest XRP open interest and funding rate for perps (the instrument you are trading):
Open Interest: Latest: 624154 Average: 624154
Funding Rate: 0.0001000000000000
Intraday series (by minute, oldest → latest):
Mid prices: [2.63, 2.63, 2.63, 2.62, 2.63, 2.63, 2.63, 2.63, 2.62, 2.63, 2.63, 2.63, 2.63, 2.62, 2.62, 2.62, 2.63, 2.63, 2.63, 2.63, 2.64, 2.63, 2.64, 2.64, 2.64, 2.64, 2.64, 2.64, 2.64, 2.64, 2.64, 2.64, 2.64, 2.64, 2.64, 2.64, 2.64, 2.64, 2.64, 2.64, 2.64, 2.64, 2.64, 2.63, 2.63, 2.64, 2.64, 2.64, 2.64, 2.64]
EMA indicators (20‑period): [2.63, 2.63, 2.63, 2.63, 2.63, 2.63, 2.63, 2.63, 2.63, 2.63, 2.63, 2.63, 2.63, 2.63, 2.63, 2.63, 2.63, 2.63, 2.63, 2.63, 2.63, 2.63, 2.63, 2.63, 2.63, 2.63, 2.63, 2.63, 2.63, 2.63, 2.63, 2.63, 2.64, 2.64, 2.64, 2.64, 2.64, 2.64, 2.64, 2.64, 2.64, 2.64, 2.64, 2.64, 2.64, 2.64, 2.64, 2.64, 2.64, 2.64]
MACD indicators: [0, 0, 0, 0, 0, 0, 0, 0, 0, 0, 0, 0, 0, 0, 0, 0, 0, 0, 0, 0, 0, 0, 0, 0, 0, 0.00450426, 0.00482440, 0.00489261, 0.00475468, 0.00479186, 0.00474246, 0.00484913, 0.00466206, 0.00474955, 0.00458049, 0.00443573, 0.00389683, 0.00368548, 0.00361350, 0.00357975, 0.00349655, 0.00329580, 0.00294141, 0.00219149, 0.00163481, 0.00139542, 0.00118398, 0.00097292, 0.00103580, 0.00125673]
RSI indicators (7‑Period): [0, 0, 0, 0, 0, 0, 0, 50.00, 45.00, 54.00, 69.00, 46.00, 50.00, 35.00, 42.00, 50.00, 50.00, 47.00, 53.00, 53.00, 95.00, 85.00, 86.00, 80.00, 81.00, 91.00, 92.00, 67.00, 67.00, 71.00, 71.00, 71.00, 47.00, 57.00, 55.00, 62.00, 39.00, 50.00, 48.00, 58.00, 47.00, 50.00, 40.00, 38.00, 28.00, 32.00, 28.00, 28.00, 45.00, 57.00]
RSI indicators (14‑Period): [0, 0, 0, 0, 0, 0, 0, 0, 0, 0, 0, 0, 0, 0, 47.00, 47.00, 50.00, 56.00, 50.00, 54.00, 68.00, 65.00, 70.00, 67.00, 68.00, 75.00, 75.00, 83.00, 78.00, 79.00, 78.00, 79.00, 71.00, 74.00, 61.00, 67.00, 52.00, 57.00, 57.00, 52.00, 52.00, 55.00, 52.00, 39.00, 41.00, 41.00, 45.00, 37.00, 47.00, 50.00]
Longer‑term context (4‑hour timeframe):
20‑Period EMA: 0 vs. 50‑Period EMA: 0
3‑Period ATR: 0 vs. 14‑Period ATR: 0
Current Volume: 0 vs. Average Volume: 0

ALL DOGE DATA
current_price = 0.2024, current_ema20 = 0.2027, current_macd = -0.00004931, current_rsi (7 period) = 50.00
In addition, here is the latest DOGE open interest and funding rate for perps (the instrument you are trading):
Open Interest: Latest: 780130 Average: 780130
Funding Rate: 0.0001000000000000
Intraday series (by minute, oldest → latest):
Mid prices: [0.2024, 0.2025, 0.2023, 0.2020, 0.2020, 0.2022, 0.2024, 0.2024, 0.2024, 0.2027, 0.2024, 0.2022, 0.2023, 0.2020, 0.2021, 0.2020, 0.2022, 0.2021, 0.2020, 0.2018, 0.2025, 0.2026, 0.2027, 0.2026, 0.2027, 0.2030, 0.2032, 0.2031, 0.2029, 0.2030, 0.2029, 0.2029, 0.2030, 0.2033, 0.2032, 0.2032, 0.2030, 0.2032, 0.2034, 0.2033, 0.2033, 0.2029, 0.2027, 0.2024, 0.2024, 0.2025, 0.2024, 0.2023, 0.2027, 0.2027]
EMA indicators (20‑period): [0.2024, 0.2024, 0.2024, 0.2023, 0.2022, 0.2022, 0.2022, 0.2023, 0.2023, 0.2023, 0.2023, 0.2023, 0.2023, 0.2023, 0.2023, 0.2023, 0.2023, 0.2023, 0.2022, 0.2022, 0.2022, 0.2023, 0.2023, 0.2023, 0.2024, 0.2024, 0.2025, 0.2026, 0.2026, 0.2026, 0.2027, 0.2027, 0.2027, 0.2028, 0.2028, 0.2028, 0.2029, 0.2029, 0.2029, 0.2030, 0.2030, 0.2030, 0.2030, 0.2029, 0.2029, 0.2028, 0.2028, 0.2027, 0.2027, 0.2027]
MACD indicators: [0, 0, 0, 0, 0, 0, 0, 0, 0, 0, 0, 0, 0, 0, 0, 0, 0, 0, 0, 0, 0, 0, 0, 0, 0, 0.00016955, 0.00021526, 0.00023665, 0.00023476, 0.00024098, 0.00023592, 0.00023087, 0.00023066, 0.00025259, 0.00025494, 0.00025626, 0.00024161, 0.00024174, 0.00025185, 0.00025291, 0.00024608, 0.00020920, 0.00015718, 0.00009629, 0.00004668, 0.00001367, -0.00001873, -0.00005587, -0.00005163, -0.00004931]
RSI indicators (7‑Period): [0, 0, 0, 0, 0, 0, 0, 47.00, 47.00, 65.00, 69.00, 61.00, 59.00, 37.00, 40.00, 35.00, 28.00, 33.00, 36.00, 25.00, 65.00, 67.00, 73.00, 65.00, 70.00, 83.00, 96.00, 80.00, 65.00, 63.00, 63.00, 63.00, 50.00, 57.00, 57.00, 73.00, 50.00, 69.00, 73.00, 67.00, 45.00, 36.00, 28.00, 26.00, 13.00, 7.00, 7.00, 6.00, 41.00, 50.00]
RSI indicators (14‑Period): [0, 0, 0, 0, 0, 0, 0, 0, 0, 0, 0, 0, 0, 0, 41.00, 41.00, 47.00, 53.00, 50.00, 41.00, 50.00, 55.00, 55.00, 47.00, 53.00, 67.00, 68.00, 72.00, 67.00, 68.00, 63.00, 67.00, 71.00, 79.00, 67.00, 64.00, 57.00, 67.00, 69.00, 57.00, 50.00, 43.00, 43.00, 38.00, 40.00, 40.00, 33.00, 21.00, 38.00, 38.00]
Longer‑term context (4‑hour timeframe):
20‑Period EMA: 0 vs. 50‑Period EMA: 0
3‑Period ATR: 0 vs. 14‑Period ATR: 0
Current Volume: 0 vs. Average Volume: 0

HERE IS YOUR ACCOUNT INFORMATION & PERFORMANCE
Current Total Return (percent): 0%
Available Cash: 0
Current Account Value: 0
